# Created by Octave 8.2.0, Wed Jun 21 12:08:24 2023 GMT <unknown@pn2031572>
# name: timestamps
# type: matrix
# rows: 50
# columns: 1
 0.0001220703125
 0.000244140625
 0.00048828125
 0.0009765625
 0.001953125
 0.00390625
 0.0078125
 0.015625
 0.03125
 0.0625
 0.125
 0.25
 0.5
 1
 1.5
 2
 2.5
 3
 3.5
 4
 4.5
 5
 5.5
 6
 6.5
 7
 7.5
 8
 8.5
 9
 9.5
 10
 15
 20
 25
 30
 35
 40
 45
 50
 55
 60
 65
 70
 75
 80
 85
 90
 95
 100


